AN0,C295,0.00,0.00,2.00,21.53,AN1,4897,15.00,-1.00,2.00,9.04,AN2,D814,0.00,30.00,2.00,31.83,POS,20.67,5.87,0.44,50
AN0,C295,0.00,0.00,2.00,21.58,AN1,4897,15.00,-1.00,2.00,9.04,AN2,D814,0.00,30.00,2.00,31.79,POS,20.68,5.88,0.55,50
AN0,C295,0.00,0.00,2.00,21.58,AN1,4897,15.00,-1.00,2.00,9.05,AN2,D814,0.00,30.00,2.00,31.79,POS,20.69,5.89,0.63,50
AN0,C295,0.00,0.00,2.00,21.53,AN1,4897,15.00,-1.00,2.00,9.07,AN2,D814,0.00,30.00,2.00,31.83,POS,20.68,5.88,0.48,50
AN0,C295,0.00,0.00,2.00,21.56,AN1,4897,15.00,-1.00,2.00,9.06,AN2,D814,0.00,30.00,2.00,31.79,POS,20.68,5.89,0.51,50
AN0,C295,0.00,0.00,2.00,21.53,AN1,4897,15.00,-1.00,2.00,9.07,AN2,D814,0.00,30.00,2.00,31.77,POS,20.67,5.89,0.46,50
AN0,C295,0.00,0.00,2.00,21.54,AN1,4897,15.00,-1.00,2.00,9.07,AN2,D814,0.00,30.00,2.00,31.83,POS,20.66,5.88,0.36,50
AN0,C295,0.00,0.00,2.00,21.53,AN1,4897,15.00,-1.00,2.00,9.05,AN2,D814,0.00,30.00,2.00,31.76,POS,20.66,5.89,0.42,50
AN0,C295,0.00,0.00,2.00,21.56,AN1,4897,15.00,-1.00,2.00,9.06,AN2,D814,0.00,30.00,2.00,31.77,POS,20.67,5.90,0.47,50
AN0,C295,0.00,0.00,2.00,21.54,AN1,4897,15.00,-1.00,2.00,9.09,AN2,D814,0.00,30.00,2.00,31.80,POS,20.66,5.89,0.39,50
AN0,C295,0.00,0.00,2.00,21.55,AN1,4897,15.00,-1.00,2.00,9.07,AN2,D814,0.00,30.00,2.00,31.82,POS,20.66,5.89,0.35,50
AN0,C295,0.00,0.00,2.00,21.56,AN1,4897,15.00,-1.00,2.00,9.04,AN2,D814,0.00,30.00,2.00,31.76,POS,20.67,5.90,0.49,50
AN0,C295,0.00,0.00,2.00,21.55,AN1,4897,15.00,-1.00,2.00,9.03,AN2,D814,0.00,30.00,2.00,31.80,POS,20.67,5.90,0.54,50
AN0,C295,0.00,0.00,2.00,21.53,AN1,4897,15.00,-1.00,2.00,9.07,AN2,D814,0.00,30.00,2.00,31.81,POS,20.66,5.89,0.44,50
AN0,C295,0.00,0.00,2.00,21.54,AN1,4897,15.00,-1.00,2.00,9.07,AN2,D814,0.00,30.00,2.00,31.78,POS,20.66,5.89,0.42,50
AN0,C295,0.00,0.00,2.00,21.55,AN1,4897,15.00,-1.00,2.00,9.06,AN2,D814,0.00,30.00,2.00,31.77,POS,20.66,5.90,0.45,50
AN0,C295,0.00,0.00,2.00,21.53,AN1,4897,15.00,-1.00,2.00,9.03,AN2,D814,0.00,30.00,2.00,31.77,POS,20.66,5.90,0.49,50
AN0,C295,0.00,0.00,2.00,21.52,AN1,4897,15.00,-1.00,2.00,9.07,AN2,D814,0.00,30.00,2.00,31.80,POS,20.65,5.89,0.38,50
AN0,C295,0.00,0.00,2.00,21.53,AN1,4897,15.00,-1.00,2.00,9.07,AN2,D814,0.00,30.00,2.00,31.77,POS,20.65,5.90,0.37,50
AN0,C295,0.00,0.00,2.00,21.52,AN1,4897,15.00,-1.00,2.00,9.07,AN2,D814,0.00,30.00,2.00,31.80,POS,20.64,5.89,0.29,50
AN0,C295,0.00,0.00,2.00,21.54,AN1,4897,15.00,-1.00,2.00,9.03,AN2,D814,0.00,30.00,2.00,31.74,POS,20.65,5.90,0.43,50
AN0,C295,0.00,0.00,2.00,21.54,AN1,4897,15.00,-1.00,2.00,9.06,AN2,D814,0.00,30.00,2.00,31.77,POS,20.65,5.90,0.46,50
AN0,C295,0.00,0.00,2.00,21.54,AN1,4897,15.00,-1.00,2.00,9.09,AN2,D814,0.00,30.00,2.00,31.78,POS,20.65,5.90,0.40,50
AN0,C295,0.00,0.00,2.00,21.55,AN1,4897,15.00,-1.00,2.00,9.07,AN2,D814,0.00,30.00,2.00,31.76,POS,20.65,5.91,0.42,50
AN0,C295,0.00,0.00,2.00,21.53,AN1,4897,15.00,-1.00,2.00,9.06,AN2,D814,0.00,30.00,2.00,31.80,POS,20.65,5.90,0.39,50
AN0,C295,0.00,0.00,2.00,21.52,AN1,4897,15.00,-1.00,2.00,9.06,AN2,D814,0.00,30.00,2.00,31.77,POS,20.64,5.90,0.35,50
AN0,C295,0.00,0.00,2.00,21.55,AN1,4897,15.00,-1.00,2.00,9.04,AN2,D814,0.00,30.00,2.00,31.77,POS,20.65,5.90,0.44,50
AN0,C295,0.00,0.00,2.00,21.60,AN1,4897,15.00,-1.00,2.00,9.05,AN2,D814,0.00,30.00,2.00,31.75,POS,20.68,5.92,0.77,50
AN0,C295,0.00,0.00,2.00,21.55,AN1,4897,15.00,-1.00,2.00,9.07,AN2,D814,0.00,30.00,2.00,31.75,POS,20.68,5.92,0.74,50
AN0,C295,0.00,0.00,2.00,21.56,AN1,4897,15.00,-1.00,2.00,9.08,AN2,D814,0.00,30.00,2.00,31.77,POS,20.68,5.92,0.67,50
AN0,C295,0.00,0.00,2.00,21.57,AN1,4897,15.00,-1.00,2.00,9.05,AN2,D814,0.00,30.00,2.00,31.78,POS,20.68,5.92,0.70,50
AN0,C295,0.00,0.00,2.00,21.57,AN1,4897,15.00,-1.00,2.00,9.08,AN2,D814,0.00,30.00,2.00,31.75,POS,20.68,5.93,0.69,50
AN0,C295,0.00,0.00,2.00,21.58,AN1,4897,15.00,-1.00,2.00,9.07,AN2,D814,0.00,30.00,2.00,31.81,POS,20.69,5.92,0.63,50
AN0,C295,0.00,0.00,2.00,21.56,AN1,4897,15.00,-1.00,2.00,9.08,AN2,D814,0.00,30.00,2.00,31.76,POS,20.68,5.92,0.60,50
AN0,C295,0.00,0.00,2.00,21.53,AN1,4897,15.00,-1.00,2.00,9.06,AN2,D814,0.00,30.00,2.00,31.78,POS,20.67,5.92,0.52,50
AN0,C295,0.00,0.00,2.00,21.55,AN1,4897,15.00,-1.00,2.00,9.04,AN2,D814,0.00,30.00,2.00,31.73,POS,20.68,5.93,0.65,50
AN0,C295,0.00,0.00,2.00,21.53,AN1,4897,15.00,-1.00,2.00,9.05,AN2,D814,0.00,30.00,2.00,31.79,POS,20.67,5.91,0.57,50
AN0,C295,0.00,0.00,2.00,21.58,AN1,4897,15.00,-1.00,2.00,9.05,AN2,D814,0.00,30.00,2.00,31.74,POS,20.68,5.93,0.75,50
AN0,C295,0.00,0.00,2.00,21.54,AN1,4897,15.00,-1.00,2.00,9.05,AN2,D814,0.00,30.00,2.00,31.77,POS,20.68,5.92,0.70,50
AN0,C295,0.00,0.00,2.00,21.56,AN1,4897,15.00,-1.00,2.00,9.08,AN2,D814,0.00,30.00,2.00,31.77,POS,20.68,5.92,0.64,50
AN0,C295,0.00,0.00,2.00,21.55,AN1,4897,15.00,-1.00,2.00,9.05,AN2,D814,0.00,30.00,2.00,31.79,POS,20.68,5.92,0.62,50
AN0,C295,0.00,0.00,2.00,21.59,AN1,4897,15.00,-1.00,2.00,9.07,AN2,D814,0.00,30.00,2.00,31.80,POS,20.69,5.92,0.64,50
AN0,C295,0.00,0.00,2.00,21.54,AN1,4897,15.00,-1.00,2.00,9.08,AN2,D814,0.00,30.00,2.00,31.77,POS,20.68,5.91,0.56,50
AN0,C295,0.00,0.00,2.00,21.55,AN1,4897,15.00,-1.00,2.00,9.08,AN2,D814,0.00,30.00,2.00,31.82,POS,20.67,5.90,0.46,50
AN0,C295,0.00,0.00,2.00,21.56,AN1,4897,15.00,-1.00,2.00,9.07,AN2,D814,0.00,30.00,2.00,31.76,POS,20.67,5.91,0.50,50
AN0,C295,0.00,0.00,2.00,21.60,AN1,4897,15.00,-1.00,2.00,9.07,AN2,D814,0.00,30.00,2.00,31.74,POS,20.69,5.93,0.71,50
AN0,C295,0.00,0.00,2.00,21.56,AN1,4897,15.00,-1.00,2.00,9.06,AN2,D814,0.00,30.00,2.00,31.77,POS,20.69,5.93,0.69,50
AN0,C295,0.00,0.00,2.00,21.56,AN1,4897,15.00,-1.00,2.00,9.08,AN2,D814,0.00,30.00,2.00,31.78,POS,20.69,5.93,0.63,50
AN0,C295,0.00,0.00,2.00,21.60,AN1,4897,15.00,-1.00,2.00,9.06,AN2,D814,0.00,30.00,2.00,31.78,AN3,5C15,-1.00,15.00,2.00,23.74,POS,20.70,5.93,0.76,83
AN0,C295,0.00,0.00,2.00,21.56,AN1,4897,15.00,-1.00,2.00,9.06,AN2,D814,0.00,30.00,2.00,31.79,POS,20.70,5.92,0.70,50
AN0,C295,0.00,0.00,2.00,21.56,AN1,4897,15.00,-1.00,2.00,9.07,AN2,D814,0.00,30.00,2.00,31.78,POS,20.69,5.92,0.65,50
AN0,C295,0.00,0.00,2.00,21.53,AN1,4897,15.00,-1.00,2.00,9.09,AN2,D814,0.00,30.00,2.00,31.77,POS,20.68,5.92,0.54,50
AN0,C295,0.00,0.00,2.00,21.55,AN1,4897,15.00,-1.00,2.00,9.05,AN2,D814,0.00,30.00,2.00,31.78,POS,20.68,5.92,0.56,50
AN0,C295,0.00,0.00,2.00,21.55,AN1,4897,15.00,-1.00,2.00,9.07,AN2,D814,0.00,30.00,2.00,31.76,POS,20.68,5.92,0.57,50
AN0,C295,0.00,0.00,2.00,21.59,AN1,4897,15.00,-1.00,2.00,9.07,AN2,D814,0.00,30.00,2.00,31.78,POS,20.69,5.92,0.64,50
AN0,C295,0.00,0.00,2.00,21.57,AN1,4897,15.00,-1.00,2.00,9.04,AN2,D814,0.00,30.00,2.00,31.82,POS,20.69,5.91,0.64,50
AN0,C295,0.00,0.00,2.00,21.54,AN1,4897,15.00,-1.00,2.00,9.03,AN2,D814,0.00,30.00,2.00,31.80,POS,20.69,5.91,0.63,50
AN0,C295,0.00,0.00,2.00,21.55,AN1,4897,15.00,-1.00,2.00,9.07,AN2,D814,0.00,30.00,2.00,31.81,POS,20.68,5.90,0.56,50
AN0,C295,0.00,0.00,2.00,21.51,AN1,4897,15.00,-1.00,2.00,9.01,AN2,D814,0.00,30.00,2.00,31.76,POS,20.67,5.90,0.58,50
AN0,C295,0.00,0.00,2.00,21.53,AN1,4897,15.00,-1.00,2.00,9.06,AN2,D814,0.00,30.00,2.00,31.80,POS,20.66,5.89,0.49,50
AN0,C295,0.00,0.00,2.00,21.53,AN1,4897,15.00,-1.00,2.00,9.07,AN2,D814,0.00,30.00,2.00,31.79,POS,20.66,5.89,0.42,50
AN0,C295,0.00,0.00,2.00,21.53,AN1,4897,15.00,-1.00,2.00,9.04,AN2,D814,0.00,30.00,2.00,31.80,POS,20.65,5.88,0.41,50
AN0,C295,0.00,0.00,2.00,21.52,AN1,4897,15.00,-1.00,2.00,8.98,AN2,D814,0.00,30.00,2.00,31.83,POS,20.66,5.87,0.47,50
AN0,C295,0.00,0.00,2.00,21.54,AN1,4897,15.00,-1.00,2.00,9.02,AN2,D814,0.00,30.00,2.00,31.78,POS,20.66,5.88,0.56,50
AN0,C295,0.00,0.00,2.00,21.51,AN1,4897,15.00,-1.00,2.00,9.01,AN2,D814,0.00,30.00,2.00,31.85,POS,20.66,5.86,0.47,50
AN0,C295,0.00,0.00,2.00,21.44,AN1,4897,15.00,-1.00,2.00,9.04,AN2,D814,0.00,30.00,2.00,31.83,POS,20.62,5.84,0.26,50
AN0,C295,0.00,0.00,2.00,21.46,AN1,4897,15.00,-1.00,2.00,8.97,AN2,D814,0.00,30.00,2.00,31.84,POS,20.61,5.82,0.24,50
AN0,C295,0.00,0.00,2.00,21.43,AN1,4897,15.00,-1.00,2.00,8.98,AN2,D814,0.00,30.00,2.00,31.84,POS,20.59,5.80,0.15,50
AN0,C295,0.00,0.00,2.00,21.47,AN1,4897,15.00,-1.00,2.00,8.97,AN2,D814,0.00,30.00,2.00,31.87,POS,20.59,5.79,0.16,50
AN0,C295,0.00,0.00,2.00,21.47,AN1,4897,15.00,-1.00,2.00,8.94,AN2,D814,0.00,30.00,2.00,31.83,POS,20.60,5.79,0.26,50
AN0,C295,0.00,0.00,2.00,21.44,AN1,4897,15.00,-1.00,2.00,9.01,AN2,D814,0.00,30.00,2.00,31.81,POS,20.58,5.79,0.17,50
AN0,C295,0.00,0.00,2.00,21.48,AN1,4897,15.00,-1.00,2.00,9.00,AN2,D814,0.00,30.00,2.00,31.87,POS,20.59,5.79,0.14,50
AN0,C295,0.00,0.00,2.00,21.45,AN1,4897,15.00,-1.00,2.00,9.03,AN2,D814,0.00,30.00,2.00,31.88,POS,20.57,5.77,0.01,50
AN0,C295,0.00,0.00,2.00,21.50,AN1,4897,15.00,-1.00,2.00,8.96,AN2,D814,0.00,30.00,2.00,31.81,POS,20.59,5.79,0.18,50
AN0,4897,15.00,-1.00,2.00,9.03,AN1,D814,0.00,30.00,2.00,31.82
AN0,C295,0.00,0.00,2.00,21.47,AN1,4897,15.00,-1.00,2.00,9.05,AN2,D814,0.00,30.00,2.00,31.84,POS,20.58,5.79,0.08,50
AN0,C295,0.00,0.00,2.00,21.46,AN1,4897,15.00,-1.00,2.00,9.00,AN2,D814,0.00,30.00,2.00,31.83,POS,20.58,5.79,0.06,50
AN0,4897,15.00,-1.00,2.00,9.05,AN1,D814,0.00,30.00,2.00,31.80
AN0,C295,0.00,0.00,2.00,21.51,AN1,4897,15.00,-1.00,2.00,9.02,AN2,D814,0.00,30.00,2.00,31.79,POS,20.59,5.81,0.15,50
AN0,C295,0.00,0.00,2.00,21.49,AN1,4897,15.00,-1.00,2.00,9.02,AN2,D814,0.00,30.00,2.00,31.82,POS,20.60,5.81,0.15,50
AN0,4897,15.00,-1.00,2.00,9.00,AN1,D814,0.00,30.00,2.00,31.79
AN0,C295,0.00,0.00,2.00,21.50,AN1,4897,15.00,-1.00,2.00,9.05,AN2,D814,0.00,30.00,2.00,31.83,POS,20.60,5.81,0.11,50
AN0,C295,0.00,0.00,2.00,21.53,AN1,4897,15.00,-1.00,2.00,9.01,AN2,D814,0.00,30.00,2.00,31.83,POS,20.62,5.82,0.22,50
AN0,4897,15.00,-1.00,2.00,9.01,AN1,D814,0.00,30.00,2.00,31.81
AN0,4897,15.00,-1.00,2.00,8.99,AN1,D814,0.00,30.00,2.00,31.77
AN0,4897,15.00,-1.00,2.00,9.04,AN1,D814,0.00,30.00,2.00,31.80
AN0,4897,15.00,-1.00,2.00,9.07,AN1,D814,0.00,30.00,2.00,31.81
AN0,4897,15.00,-1.00,2.00,9.06,AN1,D814,0.00,30.00,2.00,31.80,AN2,5C15,-1.00,15.00,2.00,23.71
AN0,4897,15.00,-1.00,2.00,9.05,AN1,D814,0.00,30.00,2.00,31.79
AN0,C295,0.00,0.00,2.00,21.52,AN1,4897,15.00,-1.00,2.00,9.04,AN2,D814,0.00,30.00,2.00,31.80,POS,20.62,5.83,0.24,50
AN0,C295,0.00,0.00,2.00,21.47,AN1,4897,15.00,-1.00,2.00,9.03,AN2,D814,0.00,30.00,2.00,31.78,POS,20.61,5.84,0.21,50
AN0,C295,0.00,0.00,2.00,21.43,AN1,4897,15.00,-1.00,2.00,9.00,AN2,D814,0.00,30.00,2.00,31.83,POS,20.59,5.82,0.12,50
AN0,C295,0.00,0.00,2.00,21.47,AN1,4897,15.00,-1.00,2.00,9.03,AN2,07A7,31.00,15.00,2.00,13.82,AN3,5C15,-1.00,15.00,2.00,23.57,POS,20.62,5.84,0.26,100
AN0,C295,0.00,0.00,2.00,21.54,AN1,4897,15.00,-1.00,2.00,9.03,AN2,07A7,31.00,15.00,2.00,13.81,POS,20.63,5.86,0.39,50
AN0,4897,15.00,-1.00,2.00,9.04,AN1,07A7,31.00,15.00,2.00,13.79
AN0,C295,0.00,0.00,2.00,21.49,AN1,4897,15.00,-1.00,2.00,9.03,AN2,07A7,31.00,15.00,2.00,13.81,POS,20.62,5.89,0.51,50
AN0,C295,0.00,0.00,2.00,21.46,AN1,4897,15.00,-1.00,2.00,9.01,AN2,D814,0.00,30.00,2.00,31.85,AN3,07A7,31.00,15.00,2.00,13.82,POS,20.65,5.88,0.56,100
AN0,C295,0.00,0.00,2.00,21.50,AN1,4897,15.00,-1.00,2.00,9.01,AN2,07A7,31.00,15.00,2.00,13.80,POS,20.65,5.90,0.65,50
AN0,4897,15.00,-1.00,2.00,9.01,AN1,07A7,31.00,15.00,2.00,13.82
AN0,C295,0.00,0.00,2.00,21.51,AN1,4897,15.00,-1.00,2.00,9.00,AN2,D814,0.00,30.00,2.00,31.82,AN3,07A7,31.00,15.00,2.00,13.83,POS,20.65,5.89,0.68,100
AN0,C295,0.00,0.00,2.00,21.55,AN1,4897,15.00,-1.00,2.00,9.05,AN2,07A7,31.00,15.00,2.00,13.87,POS,20.66,5.88,0.62,50
AN0,C295,0.00,0.00,2.00,21.50,AN1,4897,15.00,-1.00,2.00,9.01,AN2,D814,0.00,30.00,2.00,31.81,AN3,07A7,31.00,15.00,2.00,13.84,POS,20.66,5.88,0.64,100
AN0,C295,0.00,0.00,2.00,21.51,AN1,4897,15.00,-1.00,2.00,9.04,AN2,D814,0.00,30.00,2.00,31.77,AN3,07A7,31.00,15.00,2.00,13.78,POS,20.66,5.89,0.69,100
AN0,C295,0.00,0.00,2.00,21.49,AN1,4897,15.00,-1.00,2.00,9.03,AN2,07A7,31.00,15.00,2.00,13.78,POS,20.65,5.92,0.78,50
AN0,C295,0.00,0.00,2.00,21.50,AN1,4897,15.00,-1.00,2.00,9.02,AN2,07A7,31.00,15.00,2.00,13.79,POS,20.64,5.93,0.82,50
AN0,C295,0.00,0.00,2.00,21.51,AN1,4897,15.00,-1.00,2.00,9.09,AN2,07A7,31.00,15.00,2.00,13.79,AN3,5C15,-1.00,15.00,2.00,23.70,POS,20.68,5.91,0.75,100
AN0,C295,0.00,0.00,2.00,21.53,AN1,4897,15.00,-1.00,2.00,9.05,AN2,07A7,31.00,15.00,2.00,13.82,POS,20.68,5.92,0.73,50
AN0,C295,0.00,0.00,2.00,21.54,AN1,4897,15.00,-1.00,2.00,9.06,AN2,07A7,31.00,15.00,2.00,13.82,POS,20.67,5.92,0.69,50
AN0,C295,0.00,0.00,2.00,21.51,AN1,4897,15.00,-1.00,2.00,9.02,AN2,D814,0.00,30.00,2.00,31.75,POS,20.66,5.92,0.66,50
AN0,C295,0.00,0.00,2.00,21.55,AN1,4897,15.00,-1.00,2.00,9.06,AN2,D814,0.00,30.00,2.00,31.76,AN3,07A7,31.00,15.00,2.00,13.84,POS,20.66,5.92,0.62,100
AN0,C295,0.00,0.00,2.00,21.53,AN1,4897,15.00,-1.00,2.00,9.06,AN2,D814,0.00,30.00,2.00,31.78,AN3,07A7,31.00,15.00,2.00,13.77,POS,20.67,5.92,0.67,100
AN0,C295,0.00,0.00,2.00,21.54,AN1,4897,15.00,-1.00,2.00,9.03,AN2,D814,0.00,30.00,2.00,31.81,AN3,07A7,31.00,15.00,2.00,13.82,POS,20.67,5.91,0.66,100
AN0,C295,0.00,0.00,2.00,21.51,AN1,4897,15.00,-1.00,2.00,9.04,AN2,D814,0.00,30.00,2.00,31.76,AN3,07A7,31.00,15.00,2.00,13.76,POS,20.67,5.92,0.74,100
AN0,C295,0.00,0.00,2.00,21.55,AN1,4897,15.00,-1.00,2.00,9.05,AN2,07A7,31.00,15.00,2.00,13.81,POS,20.67,5.92,0.72,50
AN0,C295,0.00,0.00,2.00,21.53,AN1,4897,15.00,-1.00,2.00,9.06,AN2,07A7,31.00,15.00,2.00,13.82,POS,20.67,5.93,0.69,50
AN0,C295,0.00,0.00,2.00,21.53,AN1,4897,15.00,-1.00,2.00,9.04,AN2,07A7,31.00,15.00,2.00,13.83,POS,20.66,5.92,0.68,50
AN0,C295,0.00,0.00,2.00,21.54,AN1,4897,15.00,-1.00,2.00,9.06,AN2,D814,0.00,30.00,2.00,31.75,AN3,07A7,31.00,15.00,2.00,13.87,POS,20.66,5.92,0.62,99
AN0,C295,0.00,0.00,2.00,21.55,AN1,4897,15.00,-1.00,2.00,9.05,AN2,D814,0.00,30.00,2.00,31.74,POS,20.67,5.93,0.68,50
AN0,C295,0.00,0.00,2.00,21.58,AN1,4897,15.00,-1.00,2.00,9.05,AN2,D814,0.00,30.00,2.00,31.76,POS,20.68,5.93,0.76,50
AN0,C295,0.00,0.00,2.00,21.53,AN1,4897,15.00,-1.00,2.00,9.07,AN2,D814,0.00,30.00,2.00,31.82,POS,20.67,5.91,0.60,50
AN0,C295,0.00,0.00,2.00,21.53,AN1,4897,15.00,-1.00,2.00,9.07,AN2,D814,0.00,30.00,2.00,31.78,POS,20.66,5.91,0.52,50
AN0,C295,0.00,0.00,2.00,21.51,AN1,4897,15.00,-1.00,2.00,9.05,AN2,D814,0.00,30.00,2.00,31.80,POS,20.65,5.90,0.43,50
AN0,C295,0.00,0.00,2.00,21.50,AN1,4897,15.00,-1.00,2.00,9.05,AN2,D814,0.00,30.00,2.00,31.80,POS,20.64,5.88,0.35,50
AN0,C295,0.00,0.00,2.00,21.53,AN1,4897,15.00,-1.00,2.00,9.04,AN2,D814,0.00,30.00,2.00,31.80,POS,20.64,5.88,0.35,50
AN0,C295,0.00,0.00,2.00,21.54,AN1,4897,15.00,-1.00,2.00,9.04,AN2,D814,0.00,30.00,2.00,31.74,POS,20.65,5.90,0.47,50
AN0,C295,0.00,0.00,2.00,21.55,AN1,4897,15.00,-1.00,2.00,9.07,AN2,D814,0.00,30.00,2.00,31.81,POS,20.65,5.89,0.43,50
AN0,C295,0.00,0.00,2.00,21.51,AN1,4897,15.00,-1.00,2.00,9.05,AN2,D814,0.00,30.00,2.00,31.79,POS,20.64,5.89,0.38,50
AN0,C295,0.00,0.00,2.00,21.54,AN1,4897,15.00,-1.00,2.00,9.03,AN2,D814,0.00,30.00,2.00,31.77,POS,20.65,5.89,0.46,50
AN0,C295,0.00,0.00,2.00,21.51,AN1,4897,15.00,-1.00,2.00,9.01,AN2,D814,0.00,30.00,2.00,31.74,POS,20.65,5.90,0.54,50
AN0,C295,0.00,0.00,2.00,21.51,AN1,4897,15.00,-1.00,2.00,9.04,AN2,D814,0.00,30.00,2.00,31.79,POS,20.64,5.89,0.47,50
AN0,C295,0.00,0.00,2.00,21.52,AN1,4897,15.00,-1.00,2.00,9.07,AN2,D814,0.00,30.00,2.00,31.73,POS,20.64,5.90,0.46,50
AN0,C295,0.00,0.00,2.00,21.53,AN1,4897,15.00,-1.00,2.00,9.05,AN2,D814,0.00,30.00,2.00,31.80,POS,20.64,5.90,0.44,50
AN0,C295,0.00,0.00,2.00,21.54,AN1,4897,15.00,-1.00,2.00,9.06,AN2,D814,0.00,30.00,2.00,31.81,POS,20.64,5.89,0.40,50
AN0,C295,0.00,0.00,2.00,21.55,AN1,4897,15.00,-1.00,2.00,9.04,AN2,D814,0.00,30.00,2.00,31.72,POS,20.65,5.91,0.57,50
AN0,C295,0.00,0.00,2.00,21.53,AN1,4897,15.00,-1.00,2.00,9.07,AN2,D814,0.00,30.00,2.00,31.75,POS,20.65,5.91,0.51,50
AN0,C295,0.00,0.00,2.00,21.55,AN1,4897,15.00,-1.00,2.00,9.10,AN2,D814,0.00,30.00,2.00,31.79,POS,20.65,5.91,0.42,50
